image: carto.pgm
resolution: 0.050000
origin: [-5.181109, -7.333308, 0.000000]
negate: 0
occupied_thresh: 0.65
free_thresh: 0.196

