image: map03.pgm
resolution: 0.050000
origin: [-5.025000, -4.925000, 0.000000]
negate: 0
occupied_thresh: 0.65
free_thresh: 0.196

