image: map111.pgm
resolution: 0.050000
origin: [-9.989053, -5.948402, 0.000000]
negate: 0
occupied_thresh: 0.65
free_thresh: 0.196

